$ANSIBLE_VAULT;1.1;AES256
36666463336231356139626230633331366232633931343566316663643830616465356132636530
6637373035666332653162336563653866326338613336380a643037626264313862346131353865
37623561643366316135356533663632623634346533353662336566383539626531366238646234
3838653036333933650a333035353464653333633832323933393932626531393636653139346162
63386331326435373037303039346637626535663966386630613166343532363830663566353637
65346162333635323638356633623732313137623532653732316333353634316333383132343261
38393934356335613365353261373432323832636339313464646634363638656665313864383333
36366430336462663161663064363363343135336337666639323836373663636634323630663439
31306638386638626166343164633932323836663436356136343632373736323238656530623138
35393833613030393461643465303136633539646533383239656634346334343530333136666536
37646639653839393439656630623066346631333232326664333562356434646263356137633561
66656637353062323032383461643033626163316138393539346461646337623735313964313735
32646661646131336233633436613565663231306639613134623036313431313334373961356230
37353665313833363766393363656133386534393264653935363565306366623635656436376561
32663861383932633562633734313733396137636137363066633265363163363662363335376539
64643435633733616337376262356566656135376333326133396663623937623537303964343564
66643763326465623138643439306461346231643738343930643832326232303761643738643137
61613234323562343933303661303535326431653964643865333436633161623734366266646662
63613334633636656534356635646138663436326532343231346236656633373164326164626164
38303365633831333736653232626431343663376164633130616662626264646632353261613066
66366263306166636666353431336265633065653033316462383036663838643037666538666330
36323363353533363761613961313864653438623364336261373335373439616266316131336666
30393537373561363634313734316337363766633062343431663334653161336233656263643962
36643737623065376366313633636138316236643962333262643139653464353335643834376436
38323238363433663333326430333364663038373962353065613630613965366161363562333438
31316232363962343532303933383564343936653666393762666538636435363330316235303130
31343133653634663364326463373563663631333335356233383539303832643763336261323537
37626338653133626265626165396139333866663736376362663837666134643935633464373032
33616161623533386662623939666130303639646461653362646531366133366334376131633234
32336430353437366233643137383961386435653539633763373266653061616234626630366361
37343339346366333265323930376262333237303864363032366636323862313232623066306433
62313035613064656634353031363733626330306439336236363237663666663961613939656236
30343639653535613739326630646663373131333661616531653938393036346432633465303661
39373538636430343038633961616334636433316462663830346263386336633335376363373639
32306130646466656363616261326632633161326631303234333963303430343737323433376261
63646336313939376563353362383437663138623336396165343366343566663534666163333762
33396234313364636434363865333261326232346335666434383264336632623365323662343766
64373666356464643935303037306539613430616332653266356163373939633863373166323766
38363062653262393131353133623137613834363038666338316435393533316338333361643932
61663833326464323133393830306636343564616238326238363034386161336465616631663836
3035
